metadata\2021-09-15.csv,17.530368160142167,5.761479545842073,5.142687970597208,15.322559354122834,
metadata\2021-09-19.csv,16.679198337164543,5.421611551688643,4.380275466883553,13.469993590931983,
metadata\2021-09-20.csv,16.278694290018322,5.391933361203089,3.7135294536940835,13.311129281735589,
metadata\2021-09-21.csv,12.329154407123385,5.290127304085456,3.4888178059740147,13.507476790806717,
metadata\2021-09-22.csv,17.359821760702147,5.6454107651978145,4.511960947229724,14.729897663221905,
metadata\2021-09-23.csv,18.19425269103072,5.9700725765044185,4.48497235810122,15.43204889274241,
metadata\2021-09-24.csv,16.710533512492,5.353825516392108,4.1267882552301085,13.704734745583346,
metadata\2021-09-27.csv,19.824127715891017,6.5074543190101295,6.474399635906269,16.859470166775818,
metadata\2021-10-01.csv,18.880887194846206,6.124818607658185,6.018393904720312,15.579863466284706,
metadata\2021-10-02.csv,19.646700195915415,6.328665302740158,5.887842146768087,16.14072839784414,
metadata\2021-10-03.csv,19.035691767291397,6.20414640224796,6.319037796957163,15.679975842456258,
metadata\2021-10-04.csv,20.311263932491467,6.632288378198567,6.887220368680714,17.1987182324776,
metadata\2021-10-05.csv,15.75084947821478,5.135038836100972,4.347185302216706,13.213977320848874,
metadata\2021-10-06.csv,15.571051774348177,5.07994695344563,4.644957594170459,13.336905030217661,
metadata\2021-10-07.csv,14.89369456995613,4.908888435502303,3.9510428281045185,12.580883331892453,
metadata\2021-10-08.csv,15.680803944452501,5.172850990904908,5.214385318187103,13.549824868131296,
metadata\2021-10-09.csv,13.64797776082607,5.8035859162068535,4.885585014658595,14.867784985065182,
metadata\2021-10-10.csv,5.7401340382537125,4.96105183739354,4.1888635644045165,12.950766503280681,
metadata\2021-10-11.csv,5.303795457998149,4.849460842794059,4.193675633404982,12.465169493294148,
metadata\2021-10-18.csv,15.089448660400516,5.049105761442342,5.33751339416725,13.130289619627368,
metadata\2021-10-24.csv,5.608963024579633,1.8444152192343062,2.2280683834782287,4.9639580812467505,

panel_1_output_efficiency_max_avg,panel_2_output_efficiency_max_avg,panel_3_output_efficiency_max_avg,panel_4_output_efficiency_max_avg,
15.241305365435164,5.401722782085406,4.782247768739753,13.904578840885128,
100W,60W,RES,120W,
